0 25.3672 29.1449 54.4154 52.7469 48.791 34.923 48.4038 55.8356 28.306 47.2921 51.3452 6.26595 31.1314 43.603 38.7475 36.4834 
0 0 3.97503 38.4652 39.4595 33.3116 16.0018 31.9294 33.7124 7.38566 42.3369 29.9182 21.6768 6.19587 39.1775 25.5797 11.1518 
0 3.97503 0 38.2577 39.8372 33.3881 16.2343 31.8064 31.7869 8.59789 44.1519 28.3459 25.6263 4.29121 41.1637 26.5897 7.73254 
0 38.4652 38.2577 0 5.88467 5.63224 22.4838 6.54646 16.8953 31.2032 21.7495 14.9784 48.2234 34.0025 22.3506 15.6892 34.104 
0 39.4595 39.8372 5.88467 0 6.88519 23.6211 8.98784 22.4155 32.075 16.0104 19.892 46.4864 35.7167 16.9597 14.5483 36.6915 
0 33.3116 33.3881 5.63224 6.88519 0 17.3194 2.20864 17.1575 25.9746 19.7866 13.8344 42.6061 29.1962 19.4862 10.0956 29.8906 
0 16.0018 16.2343 22.4838 23.6211 17.3194 0 15.9401 21.0237 8.72463 29.2955 16.4452 29.2607 12.2079 26.8112 10.8042 14.4557 
0 31.9294 31.8064 6.54646 8.98784 2.20864 15.9401 0 15.2169 24.6574 21.7699 11.7048 42.2744 27.574 21.2651 10.0992 28.0078 
0 33.7124 31.7869 16.8953 22.4155 17.1575 21.0237 15.2169 0 28.0264 36.9433 4.74046 50.2714 27.7606 36.4592 22.7537 25.1138 
0 7.38566 8.59789 31.2032 32.075 25.9746 8.72463 24.6574 28.0264 0 35.5576 23.8374 23.3339 5.84719 32.5692 18.2704 10.8903 
0 42.3369 44.1519 21.7495 16.0104 19.7866 29.2955 21.7699 36.9433 35.5576 0 33.3996 41.2742 40.7831 3.69265 18.6648 43.7495 
0 29.9182 28.3459 14.9784 19.892 13.8344 16.4452 11.7048 4.74046 23.8374 33.3996 0 45.7038 24.1768 32.6063 18.2155 22.2482 
0 21.6768 25.6263 48.2234 46.4864 42.6061 29.2607 42.2744 50.2714 23.3339 41.2742 45.7038 0 26.9189 37.5816 32.5415 32.4707 
0 6.19587 4.29121 34.0025 35.7167 29.1962 12.2079 27.574 27.7606 5.84719 40.7831 24.1768 26.9189 0 37.9472 22.8079 5.62755 
0 39.1775 41.1637 22.3506 16.9597 19.4862 26.8112 21.2651 36.4592 32.5692 3.69265 32.6063 37.5816 37.9472 0 16.519 41.2031 
0 25.5797 26.5897 15.6892 14.5483 10.0956 10.8042 10.0992 22.7537 18.2704 18.6648 18.2155 32.5415 22.8079 16.519 0 25.2127 
0 11.1518 7.73254 34.104 36.6915 29.8906 14.4557 28.0078 25.1138 10.8903 43.7495 22.2482 32.4707 5.62755 41.2031 25.2127 0 
